K: 0 N: 2 K + N/2 1
Odd[k] = 0.891919, k = 0
T: 1.000000 + -0.000000 i
T*ODD: 0.891919 + 0.132508 i
K: 0 N: 2 K + N/2 1
Odd[k] = 2.529119, k = 0
T: 1.000000 + -0.000000 i
T*ODD: 2.529119 + -0.214088 i
K: 0 N: 4 K + N/2 2
Odd[k] = 2.125496, k = 0
T: 1.000000 + -0.000000 i
T*ODD: 4.654615 + 1.212866 i
K: 1 N: 4 K + N/2 3
Odd[k] = 2.529119, k = 1
T: 0.000000 + -1.000000 i
T*ODD: 1.641042 + 0.403622 i
fft_naive took 0.3824 flop per 1000 cycles
number of errors: 0
